16 17
0 0
24  8  8  8  8  8  8  8  8  8  8  8  8  8  8  25
26  1  1  1  5  2  2  2  2  2  5  1  1  5  1  27
26  1  1  1  5  2  2  2  2  2  5  1  1  1  1  27
26  1  1  1  5  2  2  2  2  2  5  1  1  1  1  27
26  1  5  1  5  2  2  2  2  2  5  1  5  1  1  27
26  1  1  1  5  1  1  1  1  1  5  5  1  1  1  27
26  1  1  1  5  1  1  1  1  1  1  1  1  1  5  27
26  1  1  1  1  1  1  1  1  1  1  1  5  1  1  27
26  5  1  1  1  1  1  1  1  1  1  1  1  1  1  27
26  1  1  5  1  1  1  1  1  1  1  1  1  1  1  27
26  1  1  1  1  5  5  5  5  5  1  1  1  1  1  27
26  1  1  1  1  1  1  1  1  1  1  1  1  1  1  27
26  1  1  1  1  1  1  1  1  1  1  1  1  1  1  27
26  1  1  1  1  1  1  1  1  1  1  1  1  1  1  27
26  1  1  1  1  4  4  4  4  4  1  1  1  5  1  27
26  1  1  1  1  4  4  4  4  4  1  1  1  1  5  27
28  28 28 28 28 28 21 22 23 28 28 28 28 28 28 28